    #         X           Y           Z       CHARGE      MIN DIST   ATOMIC VOL
 --------------------------------------------------------------------------------
    1    0.000000    0.000000    0.000000    8.888429     1.414459    18.309095
    2    0.000000    0.000000    3.938184    8.888429     1.414459    18.309095
    3    0.000000    0.000000    7.876367    8.888429     1.414459    18.309095
    4    0.000000    0.000000   11.814551    8.888429     1.414459    18.309095
    5    0.000000    3.938184    0.000000    8.888429     1.414459    18.309095
    6    0.000000    3.938184    3.938184    8.888429     1.414459    18.309095
    7    0.000000    3.938184    7.876367    8.888429     1.414459    18.309095
    8    0.000000    3.938184   11.814551    8.888429     1.414459    18.309095
    9    0.000000    7.876367    0.000000    8.888429     1.414459    18.309095
   10    0.000000    7.876367    3.938184    8.888429     1.414459    18.309095
   11    0.000000    7.876367    7.876367    8.888429     1.414459    18.309095
   12    0.000000    7.876367   11.814551    8.888429     1.414459    18.309095
   13    0.000000   11.814551    0.000000    8.888429     1.414459    18.309095
   14    0.000000   11.814551    3.938184    8.888429     1.414459    18.309095
   15    0.000000   11.814551    7.876367    8.888429     1.414459    18.309095
   16    0.000000   11.814551   11.814551    8.888429     1.414459    18.309095
   17    3.938184    0.000000    0.000000    8.888429     1.414459    18.309095
   18    3.938184    0.000000    3.938184    8.888429     1.414459    18.309095
   19    3.938184    0.000000    7.876367    8.888429     1.414459    18.309095
   20    3.938184    0.000000   11.814551    8.888429     1.414459    18.309095
   21    3.938184    3.938184    0.000000    8.888429     1.414459    18.309095
   22    3.938184    3.938184    3.938184    8.888429     1.414459    18.309095
   23    3.938184    3.938184    7.876367    8.888429     1.414459    18.309095
   24    3.938184    3.938184   11.814551    8.888429     1.414459    18.309095
   25    3.938184    7.876367    0.000000    8.888429     1.414459    18.309095
   26    3.938184    7.876367    3.938184    8.888429     1.414459    18.309095
   27    3.938184    7.876367    7.876367    8.888429     1.414459    18.309095
   28    3.938184    7.876367   11.814551    8.888429     1.414459    18.309095
   29    3.938184   11.814551    0.000000    8.888429     1.414459    18.309095
   30    3.938184   11.814551    3.938184    8.888429     1.414459    18.309095
   31    3.938184   11.814551    7.876367    8.888429     1.414459    18.309095
   32    3.938184   11.814551   11.814551    8.888429     1.414459    18.309095
   33    7.876367    0.000000    0.000000    8.888429     1.414459    18.309095
   34    7.876367    0.000000    3.938184    8.888429     1.414459    18.309095
   35    7.876367    0.000000    7.876367    8.888429     1.414459    18.309095
   36    7.876367    0.000000   11.814551    8.888429     1.414459    18.309095
   37    7.876367    3.938184    0.000000    8.888429     1.414459    18.309095
   38    7.876367    3.938184    3.938184    8.888429     1.414459    18.309095
   39    7.876367    3.938184    7.876367    8.888429     1.414459    18.309095
   40    7.876367    3.938184   11.814551    8.888429     1.414459    18.309095
   41    7.876367    7.876367    0.000000    8.888429     1.414459    18.309095
   42    7.876367    7.876367    3.938184    8.888429     1.414459    18.309095
   43    7.876367    7.876367    7.876367    8.888429     1.414459    18.309095
   44    7.876367    7.876367   11.814551    8.888429     1.414459    18.309095
   45    7.876367   11.814551    0.000000    8.888429     1.414459    18.309095
   46    7.876367   11.814551    3.938184    8.888429     1.414459    18.309095
   47    7.876367   11.814551    7.876367    8.888429     1.414459    18.309095
   48    7.876367   11.814551   11.814551    8.888429     1.414459    18.309095
   49   11.814551    0.000000    0.000000    8.888429     1.414459    18.309095
   50   11.814551    0.000000    3.938184    8.888429     1.414459    18.309095
   51   11.814551    0.000000    7.876367    8.888429     1.414459    18.309095
   52   11.814551    0.000000   11.814551    8.888429     1.414459    18.309095
   53   11.814551    3.938184    0.000000    8.888429     1.414459    18.309095
   54   11.814551    3.938184    3.938184    8.888429     1.414459    18.309095
   55   11.814551    3.938184    7.876367    8.888429     1.414459    18.309095
   56   11.814551    3.938184   11.814551    8.888429     1.414459    18.309095
   57   11.814551    7.876367    0.000000    8.888429     1.414459    18.309095
   58   11.814551    7.876367    3.938184    8.888429     1.414459    18.309095
   59   11.814551    7.876367    7.876367    8.888429     1.414459    18.309095
   60   11.814551    7.876367   11.814551    8.888429     1.414459    18.309095
   61   11.814551   11.814551    0.000000    8.888429     1.414459    18.309095
   62   11.814551   11.814551    3.938184    8.888429     1.414459    18.309095
   63   11.814551   11.814551    7.876367    8.888429     1.414459    18.309095
   64   11.814551   11.814551   11.814551    8.888429     1.414459    18.309095
   65    1.969092    1.969092    1.969092    5.248006     0.907484     7.163887
   66    1.969092    1.969092    5.907276    5.248006     0.907484     7.163887
   67    1.969092    1.969092    9.845459    5.248006     0.907484     7.163887
   68    1.969092    1.969092   13.783643    5.248006     0.907484     7.163887
   69    1.969092    5.907276    1.969092    5.248006     0.907484     7.163887
   70    1.969092    5.907276    5.907276    5.248006     0.907484     7.163887
   71    1.969092    5.907276    9.845459    5.248006     0.907484     7.163887
   72    1.969092    5.907276   13.783643    5.248006     0.907484     7.163887
   73    1.969092    9.845459    1.969092    5.248006     0.907484     7.163887
   74    1.969092    9.845459    5.907276    5.248006     0.907484     7.163887
   75    1.969092    9.845459    9.845459    5.248006     0.907484     7.163887
   76    1.969092    9.845459   13.783643    5.248006     0.907484     7.163887
   77    1.969092   13.783643    1.969092    5.248006     0.907484     7.163887
   78    1.969092   13.783643    5.907276    5.248006     0.907484     7.163887
   79    1.969092   13.783643    9.845459    5.248006     0.907484     7.163887
   80    1.969092   13.783643   13.783643    5.248006     0.907484     7.163887
   81    5.907276    1.969092    1.969092    5.248006     0.907484     7.163887
   82    5.907276    1.969092    5.907276    5.248006     0.907484     7.163887
   83    5.907276    1.969092    9.845459    5.248006     0.907484     7.163887
   84    5.907276    1.969092   13.783643    5.248006     0.907484     7.163887
   85    5.907276    5.907276    1.969092    5.248006     0.907484     7.163887
   86    5.907276    5.907276    5.907276    5.248006     0.907484     7.163887
   87    5.907276    5.907276    9.845459    5.248006     0.907484     7.163887
   88    5.907276    5.907276   13.783643    5.248006     0.907484     7.163887
   89    5.907276    9.845459    1.969092    5.248006     0.907484     7.163887
   90    5.907276    9.845459    5.907276    5.248006     0.907484     7.163887
   91    5.907276    9.845459    9.845459    5.248006     0.907484     7.163887
   92    5.907276    9.845459   13.783643    5.248006     0.907484     7.163887
   93    5.907276   13.783643    1.969092    5.248006     0.907484     7.163887
   94    5.907276   13.783643    5.907276    5.248006     0.907484     7.163887
   95    5.907276   13.783643    9.845459    5.248006     0.907484     7.163887
   96    5.907276   13.783643   13.783643    5.248006     0.907484     7.163887
   97    9.845459    1.969092    1.969092    5.248006     0.907484     7.163887
   98    9.845459    1.969092    5.907276    5.248006     0.907484     7.163887
   99    9.845459    1.969092    9.845459    5.248006     0.907484     7.163887
  100    9.845459    1.969092   13.783643    5.248006     0.907484     7.163887
  101    9.845459    5.907276    1.969092    5.248006     0.907484     7.163887
  102    9.845459    5.907276    5.907276    5.248006     0.907484     7.163887
  103    9.845459    5.907276    9.845459    5.248006     0.907484     7.163887
  104    9.845459    5.907276   13.783643    5.248006     0.907484     7.163887
  105    9.845459    9.845459    1.969092    5.248006     0.907484     7.163887
  106    9.845459    9.845459    5.907276    5.248006     0.907484     7.163887
  107    9.845459    9.845459    9.845459    5.248006     0.907484     7.163887
  108    9.845459    9.845459   13.783643    5.248006     0.907484     7.163887
  109    9.845459   13.783643    1.969092    5.248006     0.907484     7.163887
  110    9.845459   13.783643    5.907276    5.248006     0.907484     7.163887
  111    9.845459   13.783643    9.845459    5.248006     0.907484     7.163887
  112    9.845459   13.783643   13.783643    5.248006     0.907484     7.163887
  113   13.783643    1.969092    1.969092    5.248006     0.907484     7.163887
  114   13.783643    1.969092    5.907276    5.248006     0.907484     7.163887
  115   13.783643    1.969092    9.845459    5.248006     0.907484     7.163887
  116   13.783643    1.969092   13.783643    5.248006     0.907484     7.163887
  117   13.783643    5.907276    1.969092    5.248006     0.907484     7.163887
  118   13.783643    5.907276    5.907276    5.248006     0.907484     7.163887
  119   13.783643    5.907276    9.845459    5.248006     0.907484     7.163887
  120   13.783643    5.907276   13.783643    5.248006     0.907484     7.163887
  121   13.783643    9.845459    1.969092    5.248006     0.907484     7.163887
  122   13.783643    9.845459    5.907276    5.248006     0.907484     7.163887
  123   13.783643    9.845459    9.845459    5.248006     0.907484     7.163887
  124   13.783643    9.845459   13.783643    5.248006     0.907484     7.163887
  125   13.783643   13.783643    1.969092    5.248006     0.907484     7.163887
  126   13.783643   13.783643    5.907276    5.248006     0.907484     7.163887
  127   13.783643   13.783643    9.845459    5.248006     0.907484     7.163887
  128   13.783643   13.783643   13.783643    5.248006     0.907484     7.163887
  129    0.000000    1.969092    1.969092    7.287855     1.001150    11.868485
  130    0.000000    1.969092    5.907276    7.287855     1.001150    11.868485
  131    0.000000    1.969092    9.845459    7.287855     1.001150    11.868485
  132    0.000000    1.969092   13.783643    7.287855     1.001150    11.868485
  133    0.000000    5.907276    1.969092    7.287855     1.001150    11.868485
  134    0.000000    5.907276    5.907276    7.287855     1.001150    11.868485
  135    0.000000    5.907276    9.845459    7.287855     1.001150    11.868485
  136    0.000000    5.907276   13.783643    7.287855     1.001150    11.868485
  137    0.000000    9.845459    1.969092    7.287855     1.001150    11.868485
  138    0.000000    9.845459    5.907276    7.287855     1.001150    11.868485
  139    0.000000    9.845459    9.845459    7.287855     1.001150    11.868485
  140    0.000000    9.845459   13.783643    7.287855     1.001150    11.868485
  141    0.000000   13.783643    1.969092    7.287855     1.001150    11.868485
  142    0.000000   13.783643    5.907276    7.287855     1.001150    11.868485
  143    0.000000   13.783643    9.845459    7.287855     1.001150    11.868485
  144    0.000000   13.783643   13.783643    7.287855     1.001150    11.868485
  145    3.938184    1.969092    1.969092    7.287855     1.001150    11.868485
  146    3.938184    1.969092    5.907276    7.287855     1.001150    11.868485
  147    3.938184    1.969092    9.845459    7.287855     1.001150    11.868485
  148    3.938184    1.969092   13.783643    7.287855     1.001150    11.868485
  149    3.938184    5.907276    1.969092    7.287855     1.001150    11.868485
  150    3.938184    5.907276    5.907276    7.287855     1.001150    11.868485
  151    3.938184    5.907276    9.845459    7.287855     1.001150    11.868485
  152    3.938184    5.907276   13.783643    7.287855     1.001150    11.868485
  153    3.938184    9.845459    1.969092    7.287855     1.001150    11.868485
  154    3.938184    9.845459    5.907276    7.287855     1.001150    11.868485
  155    3.938184    9.845459    9.845459    7.287855     1.001150    11.868485
  156    3.938184    9.845459   13.783643    7.287855     1.001150    11.868485
  157    3.938184   13.783643    1.969092    7.287855     1.001150    11.868485
  158    3.938184   13.783643    5.907276    7.287855     1.001150    11.868485
  159    3.938184   13.783643    9.845459    7.287855     1.001150    11.868485
  160    3.938184   13.783643   13.783643    7.287855     1.001150    11.868485
  161    7.876367    1.969092    1.969092    7.287855     1.001150    11.868485
  162    7.876367    1.969092    5.907276    7.287855     1.001150    11.868485
  163    7.876367    1.969092    9.845459    7.287855     1.001150    11.868485
  164    7.876367    1.969092   13.783643    7.287855     1.001150    11.868485
  165    7.876367    5.907276    1.969092    7.287855     1.001150    11.868485
  166    7.876367    5.907276    5.907276    7.287855     1.001150    11.868485
  167    7.876367    5.907276    9.845459    7.287855     1.001150    11.868485
  168    7.876367    5.907276   13.783643    7.287855     1.001150    11.868485
  169    7.876367    9.845459    1.969092    7.287855     1.001150    11.868485
  170    7.876367    9.845459    5.907276    7.287855     1.001150    11.868485
  171    7.876367    9.845459    9.845459    7.287855     1.001150    11.868485
  172    7.876367    9.845459   13.783643    7.287855     1.001150    11.868485
  173    7.876367   13.783643    1.969092    7.287855     1.001150    11.868485
  174    7.876367   13.783643    5.907276    7.287855     1.001150    11.868485
  175    7.876367   13.783643    9.845459    7.287855     1.001150    11.868485
  176    7.876367   13.783643   13.783643    7.287855     1.001150    11.868485
  177   11.814551    1.969092    1.969092    7.287855     1.001150    11.868485
  178   11.814551    1.969092    5.907276    7.287855     1.001150    11.868485
  179   11.814551    1.969092    9.845459    7.287855     1.001150    11.868485
  180   11.814551    1.969092   13.783643    7.287855     1.001150    11.868485
  181   11.814551    5.907276    1.969092    7.287855     1.001150    11.868485
  182   11.814551    5.907276    5.907276    7.287855     1.001150    11.868485
  183   11.814551    5.907276    9.845459    7.287855     1.001150    11.868485
  184   11.814551    5.907276   13.783643    7.287855     1.001150    11.868485
  185   11.814551    9.845459    1.969092    7.287855     1.001150    11.868485
  186   11.814551    9.845459    5.907276    7.287855     1.001150    11.868485
  187   11.814551    9.845459    9.845459    7.287855     1.001150    11.868485
  188   11.814551    9.845459   13.783643    7.287855     1.001150    11.868485
  189   11.814551   13.783643    1.969092    7.287855     1.001150    11.868485
  190   11.814551   13.783643    5.907276    7.287855     1.001150    11.868485
  191   11.814551   13.783643    9.845459    7.287855     1.001150    11.868485
  192   11.814551   13.783643   13.783643    7.287855     1.001150    11.868485
  193    1.969092    1.969092    0.000000    7.287855     1.001150    11.868485
  194    1.969092    1.969092    3.938184    7.287855     1.001150    11.868485
  195    1.969092    1.969092    7.876367    7.287855     1.001150    11.868485
  196    1.969092    1.969092   11.814551    7.287855     1.001150    11.868485
  197    1.969092    5.907276    0.000000    7.287855     1.001150    11.868485
  198    1.969092    5.907276    3.938184    7.287855     1.001150    11.868485
  199    1.969092    5.907276    7.876367    7.287855     1.001150    11.868485
  200    1.969092    5.907276   11.814551    7.287855     1.001150    11.868485
  201    1.969092    9.845459    0.000000    7.287855     1.001150    11.868485
  202    1.969092    9.845459    3.938184    7.287855     1.001150    11.868485
  203    1.969092    9.845459    7.876367    7.287855     1.001150    11.868485
  204    1.969092    9.845459   11.814551    7.287855     1.001150    11.868485
  205    1.969092   13.783643    0.000000    7.287855     1.001150    11.868485
  206    1.969092   13.783643    3.938184    7.287855     1.001150    11.868485
  207    1.969092   13.783643    7.876367    7.287855     1.001150    11.868485
  208    1.969092   13.783643   11.814551    7.287855     1.001150    11.868485
  209    5.907276    1.969092    0.000000    7.287855     1.001150    11.868485
  210    5.907276    1.969092    3.938184    7.287855     1.001150    11.868485
  211    5.907276    1.969092    7.876367    7.287855     1.001150    11.868485
  212    5.907276    1.969092   11.814551    7.287855     1.001150    11.868485
  213    5.907276    5.907276    0.000000    7.287855     1.001150    11.868485
  214    5.907276    5.907276    3.938184    7.287855     1.001150    11.868485
  215    5.907276    5.907276    7.876367    7.287855     1.001150    11.868485
  216    5.907276    5.907276   11.814551    7.287855     1.001150    11.868485
  217    5.907276    9.845459    0.000000    7.287855     1.001150    11.868485
  218    5.907276    9.845459    3.938184    7.287855     1.001150    11.868485
  219    5.907276    9.845459    7.876367    7.287855     1.001150    11.868485
  220    5.907276    9.845459   11.814551    7.287855     1.001150    11.868485
  221    5.907276   13.783643    0.000000    7.287855     1.001150    11.868485
  222    5.907276   13.783643    3.938184    7.287855     1.001150    11.868485
  223    5.907276   13.783643    7.876367    7.287855     1.001150    11.868485
  224    5.907276   13.783643   11.814551    7.287855     1.001150    11.868485
  225    9.845459    1.969092    0.000000    7.287855     1.001150    11.868485
  226    9.845459    1.969092    3.938184    7.287855     1.001150    11.868485
  227    9.845459    1.969092    7.876367    7.287855     1.001150    11.868485
  228    9.845459    1.969092   11.814551    7.287855     1.001150    11.868485
  229    9.845459    5.907276    0.000000    7.287855     1.001150    11.868485
  230    9.845459    5.907276    3.938184    7.287855     1.001150    11.868485
  231    9.845459    5.907276    7.876367    7.287855     1.001150    11.868485
  232    9.845459    5.907276   11.814551    7.287855     1.001150    11.868485
  233    9.845459    9.845459    0.000000    7.287855     1.001150    11.868485
  234    9.845459    9.845459    3.938184    7.287855     1.001150    11.868485
  235    9.845459    9.845459    7.876367    7.287855     1.001150    11.868485
  236    9.845459    9.845459   11.814551    7.287855     1.001150    11.868485
  237    9.845459   13.783643    0.000000    7.287855     1.001150    11.868485
  238    9.845459   13.783643    3.938184    7.287855     1.001150    11.868485
  239    9.845459   13.783643    7.876367    7.287855     1.001150    11.868485
  240    9.845459   13.783643   11.814551    7.287855     1.001150    11.868485
  241   13.783643    1.969092    0.000000    7.287855     1.001150    11.868485
  242   13.783643    1.969092    3.938184    7.287855     1.001150    11.868485
  243   13.783643    1.969092    7.876367    7.287855     1.001150    11.868485
  244   13.783643    1.969092   11.814551    7.287855     1.001150    11.868485
  245   13.783643    5.907276    0.000000    7.287855     1.001150    11.868485
  246   13.783643    5.907276    3.938184    7.287855     1.001150    11.868485
  247   13.783643    5.907276    7.876367    7.287855     1.001150    11.868485
  248   13.783643    5.907276   11.814551    7.287855     1.001150    11.868485
  249   13.783643    9.845459    0.000000    7.287855     1.001150    11.868485
  250   13.783643    9.845459    3.938184    7.287855     1.001150    11.868485
  251   13.783643    9.845459    7.876367    7.287855     1.001150    11.868485
  252   13.783643    9.845459   11.814551    7.287855     1.001150    11.868485
  253   13.783643   13.783643    0.000000    7.287855     1.001150    11.868485
  254   13.783643   13.783643    3.938184    7.287855     1.001150    11.868485
  255   13.783643   13.783643    7.876367    7.287855     1.001150    11.868485
  256   13.783643   13.783643   11.814551    7.287855     1.001150    11.868485
  257    1.969092    0.000000    1.969092    7.287855     1.001150    11.868485
  258    1.969092    0.000000    5.907276    7.287855     1.001150    11.868485
  259    1.969092    0.000000    9.845459    7.287855     1.001150    11.868485
  260    1.969092    0.000000   13.783643    7.287855     1.001150    11.868485
  261    1.969092    3.938184    1.969092    7.287855     1.001150    11.868485
  262    1.969092    3.938184    5.907276    7.287855     1.001150    11.868485
  263    1.969092    3.938184    9.845459    7.287855     1.001150    11.868485
  264    1.969092    3.938184   13.783643    7.287855     1.001150    11.868485
  265    1.969092    7.876367    1.969092    7.287855     1.001150    11.868485
  266    1.969092    7.876367    5.907276    7.287855     1.001150    11.868485
  267    1.969092    7.876367    9.845459    7.287855     1.001150    11.868485
  268    1.969092    7.876367   13.783643    7.287855     1.001150    11.868485
  269    1.969092   11.814551    1.969092    7.287855     1.001150    11.868485
  270    1.969092   11.814551    5.907276    7.287855     1.001150    11.868485
  271    1.969092   11.814551    9.845459    7.287855     1.001150    11.868485
  272    1.969092   11.814551   13.783643    7.287855     1.001150    11.868485
  273    5.907276    0.000000    1.969092    7.287855     1.001150    11.868485
  274    5.907276    0.000000    5.907276    7.287855     1.001150    11.868485
  275    5.907276    0.000000    9.845459    7.287855     1.001150    11.868485
  276    5.907276    0.000000   13.783643    7.287855     1.001150    11.868485
  277    5.907276    3.938184    1.969092    7.287855     1.001150    11.868485
  278    5.907276    3.938184    5.907276    7.287855     1.001150    11.868485
  279    5.907276    3.938184    9.845459    7.287855     1.001150    11.868485
  280    5.907276    3.938184   13.783643    7.287855     1.001150    11.868485
  281    5.907276    7.876367    1.969092    7.287855     1.001150    11.868485
  282    5.907276    7.876367    5.907276    7.287855     1.001150    11.868485
  283    5.907276    7.876367    9.845459    7.287855     1.001150    11.868485
  284    5.907276    7.876367   13.783643    7.287855     1.001150    11.868485
  285    5.907276   11.814551    1.969092    7.287855     1.001150    11.868485
  286    5.907276   11.814551    5.907276    7.287855     1.001150    11.868485
  287    5.907276   11.814551    9.845459    7.287855     1.001150    11.868485
  288    5.907276   11.814551   13.783643    7.287855     1.001150    11.868485
  289    9.845459    0.000000    1.969092    7.287855     1.001150    11.868485
  290    9.845459    0.000000    5.907276    7.287855     1.001150    11.868485
  291    9.845459    0.000000    9.845459    7.287855     1.001150    11.868485
  292    9.845459    0.000000   13.783643    7.287855     1.001150    11.868485
  293    9.845459    3.938184    1.969092    7.287855     1.001150    11.868485
  294    9.845459    3.938184    5.907276    7.287855     1.001150    11.868485
  295    9.845459    3.938184    9.845459    7.287855     1.001150    11.868485
  296    9.845459    3.938184   13.783643    7.287855     1.001150    11.868485
  297    9.845459    7.876367    1.969092    7.287855     1.001150    11.868485
  298    9.845459    7.876367    5.907276    7.287855     1.001150    11.868485
  299    9.845459    7.876367    9.845459    7.287855     1.001150    11.868485
  300    9.845459    7.876367   13.783643    7.287855     1.001150    11.868485
  301    9.845459   11.814551    1.969092    7.287855     1.001150    11.868485
  302    9.845459   11.814551    5.907276    7.287855     1.001150    11.868485
  303    9.845459   11.814551    9.845459    7.287855     1.001150    11.868485
  304    9.845459   11.814551   13.783643    7.287855     1.001150    11.868485
  305   13.783643    0.000000    1.969092    7.287855     1.001150    11.868485
  306   13.783643    0.000000    5.907276    7.287855     1.001150    11.868485
  307   13.783643    0.000000    9.845459    7.287855     1.001150    11.868485
  308   13.783643    0.000000   13.783643    7.287855     1.001150    11.868485
  309   13.783643    3.938184    1.969092    7.287855     1.001150    11.868485
  310   13.783643    3.938184    5.907276    7.287855     1.001150    11.868485
  311   13.783643    3.938184    9.845459    7.287855     1.001150    11.868485
  312   13.783643    3.938184   13.783643    7.287855     1.001150    11.868485
  313   13.783643    7.876367    1.969092    7.287855     1.001150    11.868485
  314   13.783643    7.876367    5.907276    7.287855     1.001150    11.868485
  315   13.783643    7.876367    9.845459    7.287855     1.001150    11.868485
  316   13.783643    7.876367   13.783643    7.287855     1.001150    11.868485
  317   13.783643   11.814551    1.969092    7.287855     1.001150    11.868485
  318   13.783643   11.814551    5.907276    7.287855     1.001150    11.868485
  319   13.783643   11.814551    9.845459    7.287855     1.001150    11.868485
  320   13.783643   11.814551   13.783643    7.287855     1.001150    11.868485
 --------------------------------------------------------------------------------
    VACUUM CHARGE:               0.0000
    VACUUM VOLUME:               0.0000
    NUMBER OF ELECTRONS:      2304.0000
