    #         X           Y           Z        CHARGE     ATOM    DISTANCE
  -------------------------------------------------------------------------
    1      7.3832      7.3832      0.0000      0.3484       1      0.6040
    2      0.0000      0.0000      0.6102      0.1598       1      0.6102
    3      7.7493      0.0000      3.2950      0.0848       2      0.6132
    4      7.7493      0.0000      4.5153      0.0847       2      0.6132
    5      0.0000      0.0000      7.2001      0.1598       1      0.6102
    6      0.0000      0.6102      0.0000      0.1598       1      0.6102
    7      0.0000      0.4271      0.4271      0.3476       1      0.6040
    8      0.0000      0.2441      0.5492      0.1568       1      0.6010
    9      0.0000      1.8916      1.8916      7.2446      17      0.0368
   10      0.0000      0.0610      3.2950      0.0211       2      0.6132
   11      0.0000      0.2441      3.3560      0.1611       2      0.6010
   12      0.0000      0.3661      3.4170      0.4124       2      0.6102
   13      0.0000      0.6102      3.9052      0.1692       2      0.6102
   14      0.0000      0.3661      4.3933      0.4124       2      0.6102
   15      0.0000      0.2441      4.4543      0.1611       2      0.6010
   16      0.0000      0.0610      4.5153      0.0211       2      0.6132
   17      0.0000      1.8916      5.9188      7.2446      19      0.0368
   18      0.0000      0.2441      7.2612      0.1568       1      0.6010
   19      0.0000      0.4271      7.3832      0.3476       1      0.6040
   20      0.0000      0.5492      0.2441      0.1539       1      0.6010
   21      0.0000      0.5492      3.6611      0.1895       2      0.6010
   22      0.0000      0.5492      4.1492      0.1895       2      0.6010
   23      0.0000      0.5492      7.5662      0.1539       1      0.6010
   24      7.7493      3.2950      0.0000      0.0848       4      0.6132
   25      0.0000      3.2950      3.9662      0.1133       5      0.6132
   26      0.0000      3.2950      0.0610      0.0211       4      0.6132
   27      0.0000      3.3560      0.2441      0.1611       4      0.6010
   28      0.0000      3.3560      3.6611      0.1851       5      0.6010
   29      0.0000      3.2950      3.8441      0.0348       5      0.6132
   30      0.0000      3.3560      4.1492      0.1850       5      0.6010
   31      0.0000      3.3560      7.5662      0.1611       4      0.6010
   32      0.0000      3.2950      7.7493      0.0211       4      0.6132
   33      0.0000      3.4170      0.3661      0.4123       4      0.6102
   34      0.0000      3.4170      7.4442      0.4123       4      0.6102
   35      0.0000      3.4780      3.4780      0.5106       5      0.6040
   36      0.0000      3.4780      4.3323      0.5106       5      0.6040
   37      0.0000      3.6611      0.5492      0.1895       4      0.6010
   38      0.0000      3.6611      3.3560      0.1850       5      0.6010
   39      0.0000      3.6611      4.4543      0.1851       5      0.6010
   40      0.0000      3.6611      7.2612      0.1895       4      0.6010
   41      0.0000      3.9052      0.6102      0.1692       4      0.6102
   42      0.0000      3.8441      3.2950      0.0348       5      0.6132
   43      0.0000      3.8441      4.5153      0.0348       5      0.6132
   44      0.0000      3.9052      7.2001      0.1692       4      0.6102
   45      0.0000      3.9662      4.5153      0.1133       5      0.6132
   46      7.7493      4.5153      0.0000      0.0847       4      0.6132
   47      0.0000      3.9662      3.2950      0.1133       5      0.6132
   48      0.0000      4.3323      4.3323      0.5105       5      0.6040
   49      0.0000      4.3933      0.3661      0.4124       4      0.6102
   50      0.0000      4.1492      0.5492      0.1895       4      0.6010
   51      0.0000      5.9188      1.8916      7.2446      18      0.0368
   52      0.0000      4.1492      3.3560      0.1850       5      0.6010
   53      0.0000      4.3323      3.4780      0.5106       5      0.6040
   54      0.0000      4.5153      3.9662      0.1133       5      0.6132
   55      0.0000      4.1492      4.4543      0.1850       5      0.6010
   56      0.0000      5.9188      5.9188      7.2446      20      0.0368
   57      0.0000      4.1492      7.2612      0.1894       4      0.6010
   58      0.0000      4.3933      7.4442      0.4124       4      0.6102
   59      0.0000      4.4543      0.2441      0.1611       4      0.6010
   60      0.0000      4.4543      3.6611      0.1850       5      0.6010
   61      0.0000      4.4543      4.1492      0.1850       5      0.6010
   62      0.0000      4.4543      7.5662      0.1611       4      0.6010
   63      0.0000      4.5153      0.0610      0.0211       4      0.6132
   64      0.0000      4.5153      3.8441      0.0348       5      0.6132
   65      0.0000      4.5153      7.7493      0.0211       4      0.6132
   66      0.0000      7.2001      0.0000      0.1598       1      0.6102
   67      0.0000      7.2612      0.2441      0.1568       1      0.6010
   68      0.0000      7.2612      3.6611      0.1895       2      0.6010
   69      0.0000      7.2001      3.9052      0.1692       2      0.6102
   70      0.0000      7.2612      4.1492      0.1895       2      0.6010
   71      0.0000      7.2612      7.5662      0.1568       1      0.6010
   72      0.0000      7.4442      3.4170      0.4123       2      0.6102
   73      0.0000      7.4442      4.3933      0.4123       2      0.6102
   74      0.0000      7.3832      0.4271      0.3476       1      0.6040
   75      0.0000      7.3832      7.3832      0.3476       1      0.6040
   76      0.0000      7.5662      0.5492      0.1539       1      0.6010
   77      0.0000      7.5662      3.3560      0.1611       2      0.6010
   78      0.0000      7.5662      4.4543      0.1611       2      0.6010
   79      0.0000      7.5662      7.2612      0.1539       1      0.6010
   80      0.0000      7.7493      3.2950      0.0211       2      0.6132
   81      0.0000      7.7493      4.5153      0.0211       2      0.6132
   82      0.6102      0.0000      0.0000      0.1598       1      0.6102
   83      0.4271      0.0000      0.4271      0.3467       1      0.6040
   84      0.2441      0.0000      0.5492      0.1184       1      0.6010
   85      1.8916      0.0000      1.8916      7.2446      21      0.0368
   86      0.0610      0.0000      3.2950      0.0211       2      0.6132
   87      0.2441      0.0000      3.3560      0.1240       2      0.6010
   88      0.3661      0.0000      3.4170      0.4070       2      0.6102
   89      0.6102      0.0000      3.9052      0.1692       2      0.6102
   90      0.3661      0.0000      4.3933      0.4070       2      0.6102
   91      0.2441      0.0000      4.4543      0.1240       2      0.6010
   92      0.0610      0.0000      4.5153      0.0211       2      0.6132
   93      1.8916      0.0000      5.9188      7.2446      22      0.0368
   94      0.2441      0.0000      7.2612      0.1184       1      0.6010
   95      0.4271      0.0000      7.3832      0.3467       1      0.6040
   96      0.4271      0.4271      0.0000      0.3467       1      0.6040
   97      2.0136      2.0136      2.0136      5.1022       9      0.0360
   98      0.3661      0.4881      3.9052      0.1641       2      0.6102
   99      2.0136      2.0136      5.7967      5.1022      13      0.0360
  100      0.2441      0.5492      0.0000      0.1184       1      0.6010
  101      0.2441      0.5492      3.9052      0.1303       2      0.6010
  102      1.8916      1.8916      0.0000      7.2446      25      0.0368
  103      1.7695      1.8305      3.9052      3.5622      37      0.1448
  104      0.0610      3.2950      0.0000      0.0211       4      0.6132
  105      0.2441      3.3560      3.9052      0.1680       5      0.6010
  106      0.2441      3.3560      0.0000      0.1240       4      0.6010
  107      1.7695      3.9052      1.8305      3.5603      33      0.1448
  108      1.7695      3.9052      5.9798      6.3421      34      0.1448
  109      0.2441      3.9052      0.5492      0.1303       4      0.6010
  110      0.2441      3.9052      3.3560      0.1680       5      0.6010
  111      0.2441      3.9052      4.4543      0.1680       5      0.6010
  112      0.2441      3.9052      7.2612      0.1303       4      0.6010
  113      0.3661      3.4170      0.0000      0.4070       4      0.6102
  114      0.3661      3.4170      3.9052      0.2642       5      0.6102
  115      0.6102      3.9052      0.0000      0.1692       4      0.6102
  116      0.3661      3.9052      0.4881      0.1641       4      0.6102
  117      0.3661      3.9052      3.4170      0.2643       5      0.6102
  118      0.6102      3.9052      3.9052      0.1678       5      0.6102
  119      0.3661      3.9052      4.3933      0.2643       5      0.6102
  120      0.3661      3.9052      7.3222      0.1641       4      0.6102
  121      0.3661      4.3933      0.0000      0.4070       4      0.6102
  122      0.3661      4.3933      3.9052      0.2643       5      0.6102
  123      0.2441      4.4543      0.0000      0.1240       4      0.6010
  124      0.2441      4.4543      3.9052      0.1680       5      0.6010
  125      0.0610      4.5153      0.0000      0.0211       4      0.6132
  126      1.8916      5.9188      0.0000      7.2446      27      0.0368
  127      2.0136      5.7967      2.0136      5.1022      16      0.0360
  128      1.7695      5.9798      3.9052      6.3421      39      0.1448
  129      2.0136      5.7967      5.7967      5.1022      12      0.0360
  130      0.2441      7.2612      3.9052      0.1303       2      0.6010
  131      0.2441      7.2612      0.0000      0.1184       1      0.6010
  132      0.4271      7.3832      0.0000      0.3467       1      0.6040
  133      0.3661      7.3222      3.9052      0.1641       2      0.6102
  134      0.5492      0.0000      0.2441      0.1539       1      0.6010
  135      0.5492      0.0000      3.6611      0.1894       2      0.6010
  136      0.5492      0.0000      4.1492      0.1894       2      0.6010
  137      0.5492      0.0000      7.5662      0.1539       1      0.6010
  138      0.5492      0.2441      0.0000      0.1184       1      0.6010
  139      0.5492      0.2441      3.9052      0.1303       2      0.6010
  140      0.5492      3.6611      0.0000      0.1894       4      0.6010
  141      0.5492      3.6611      3.9052      0.1436       5      0.6010
  142      0.5492      3.9052      4.1492      0.1736       5      0.6010
  143      0.5492      3.9052      0.2441      0.1303       4      0.6010
  144      0.5492      3.9052      3.6611      0.1134       5      0.6010
  145      0.5492      3.9052      7.5662      0.1303       4      0.6010
  146      0.5492      4.1492      0.0000      0.1894       4      0.6010
  147      0.5492      4.1492      3.9052      0.1435       5      0.6010
  148      0.5492      7.5662      0.0000      0.1894       1      0.6010
  149      0.5492      7.5662      3.9052      0.1303       2      0.6010
  150      0.4881      0.3661      3.9052      0.0585       2      0.6102
  151      0.4881      3.9052      0.3661      0.0585       4      0.6102
  152      0.4881      3.9052      7.4442      0.0585       4      0.6102
  153      0.4881      7.4442      3.9052      0.0585       2      0.6102
  154      1.8305      1.7695      3.9052      2.7798      37      0.1448
  155      1.8305      3.9052      1.7695      2.7818      33      0.1448
  156      3.2950      7.7493      0.0000      0.0848       3      0.6132
  157      3.2950      0.0000      3.9662      0.1133       6      0.6132
  158      3.2950      3.9662      0.0000      0.1133       7      0.6132
  159      3.2950      3.9052      3.9052      0.1701       8      0.6102
  160      3.2950      0.0000      0.0610      0.0211       3      0.6132
  161      3.3560      0.0000      0.2441      0.1611       3      0.6010
  162      3.3560      0.0000      3.6611      0.1852       6      0.6010
  163      3.2950      0.0000      3.8441      0.0348       6      0.6132
  164      3.3560      0.0000      4.1492      0.1853       6      0.6010
  165      3.3560      0.0000      7.5662      0.1611       3      0.6010
  166      3.2950      0.0000      7.7493      0.0211       3      0.6132
  167      3.2950      0.0610      0.0000      0.0211       3      0.6132
  168      3.3560      0.2441      3.9052      0.1680       6      0.6010
  169      3.3560      0.2441      0.0000      0.1240       3      0.6010
  170      3.3560      3.6611      0.0000      0.1851       7      0.6010
  171      3.2950      3.8441      0.0000      0.0348       7      0.6132
  172      3.3560      3.9052      0.2441      0.1680       7      0.6010
  173      3.3560      3.6611      3.9052      0.1555       8      0.6010
  174      3.3560      3.9052      4.1492      0.1915       8      0.6010
  175      3.3560      3.9052      7.5662      0.1680       7      0.6010
  176      3.3560      3.9052      3.6611      0.1179       8      0.6010
  177      3.3560      4.1492      3.9052      0.1547       8      0.6010
  178      3.3560      4.1492      0.0000      0.1853       7      0.6010
  179      3.3560      7.5662      0.0000      0.1982       3      0.6010
  180      3.3560      7.5662      3.9052      0.1680       6      0.6010
  181      3.4170      0.0000      0.3661      0.4123       3      0.6102
  182      3.4170      0.0000      7.4442      0.4123       3      0.6102
  183      3.4170      0.3661      0.0000      0.4070       3      0.6102
  184      3.4170      7.4442      0.0000      0.4177       3      0.6102
  185      3.4780      0.0000      3.4780      0.5104       6      0.6040
  186      3.4780      0.0000      4.3323      0.5101       6      0.6040
  187      3.4780      3.4780      0.0000      0.5105       7      0.6040
  188      3.4780      4.3323      0.0000      0.5101       7      0.6040
  189      3.4780      3.4780      3.9052      0.3653       8      0.6040
  190      3.4780      3.9052      3.4780      0.3601       8      0.6040
  191      3.4780      3.9052      4.3323      0.3653       8      0.6040
  192      3.4780      4.3323      3.9052      0.3653       8      0.6040
  193      3.4170      0.3661      3.9052      0.2643       6      0.6102
  194      3.4170      3.9052      0.3661      0.2643       7      0.6102
  195      3.4170      3.9052      7.4442      0.2643       7      0.6102
  196      3.4170      7.4442      3.9052      0.2643       6      0.6102
  197      3.9052      1.7695      1.8305      3.5618      29      0.1448
  198      3.9052      1.7695      5.9798      6.3421      31      0.1448
  199      3.9052      1.8305      1.7695      2.7802      29      0.1448
  200      3.9052      5.9798      1.7695      6.3421      30      0.1448
  201      3.9052      5.9798      6.0408      3.5602      32      0.1448
  202      3.9052      6.0408      5.9798      2.7819      32      0.1448
  203      3.9052      0.3661      0.4881      0.1641       3      0.6102
  204      3.9052      0.3661      7.3222      0.1641       3      0.6102
  205      3.6611      0.5492      3.9052      0.1436       6      0.6010
  206      3.9052      0.5492      4.1492      0.1738       6      0.6010
  207      3.6611      3.9052      0.5492      0.1436       7      0.6010
  208      3.6611      3.9052      7.2612      0.1436       7      0.6010
  209      3.9052      4.3323      4.3323      0.3704       8      0.6040
  210      3.9052      4.1492      0.5492      0.1738       7      0.6010
  211      3.9052      4.1492      7.2612      0.1738       7      0.6010
  212      3.9052      7.3222      0.3661      0.1641       3      0.6102
  213      3.9052      7.3222      7.4442      0.1641       3      0.6102
  214      3.6611      7.2612      3.9052      0.1436       6      0.6010
  215      3.9052      7.2612      4.1492      0.1738       6      0.6010
  216      3.9052      0.2441      3.3560      0.1680       6      0.6010
  217      3.9052      0.2441      4.4543      0.1680       6      0.6010
  218      3.9052      3.3560      0.2441      0.1680       7      0.6010
  219      3.9052      3.3560      7.5662      0.1680       7      0.6010
  220      3.6611      3.3560      3.9052      0.1547       8      0.6010
  221      3.9052      3.3560      4.1492      0.1915       8      0.6010
  222      3.9052      3.4780      3.4780      0.3601       8      0.6040
  223      3.9052      3.4780      4.3323      0.3601       8      0.6040
  224      3.6611      3.9052      3.3560      0.1547       8      0.6010
  225      3.6611      3.9052      4.4543      0.1555       8      0.6010
  226      3.9052      4.1492      3.3560      0.1915       8      0.6010
  227      3.9052      4.1492      4.4543      0.1932       8      0.6010
  228      3.9052      4.3323      3.4780      0.3601       8      0.6040
  229      3.9052      4.4543      0.2441      0.1680       7      0.6010
  230      3.6611      4.4543      3.9052      0.1555       8      0.6010
  231      3.9052      4.4543      4.1492      0.1915       8      0.6010
  232      3.9052      4.4543      7.5662      0.1680       7      0.6010
  233      3.9052      7.5662      3.3560      0.1680       6      0.6010
  234      3.9052      7.5662      4.4543      0.1680       6      0.6010
  235      3.6611      0.0000      0.5492      0.1895       3      0.6010
  236      3.6611      0.0000      7.2612      0.1895       3      0.6010
  237      3.9052      0.2441      0.5492      0.1304       3      0.6010
  238      3.9052      0.2441      7.2612      0.1304       3      0.6010
  239      3.9052      0.3661      3.4170      0.2643       6      0.6102
  240      3.9052      0.3661      4.3933      0.2643       6      0.6102
  241      3.6611      0.5492      0.0000      0.1895       3      0.6010
  242      3.9052      0.5492      0.2441      0.1304       3      0.6010
  243      3.9052      0.5492      7.5662      0.1304       3      0.6010
  244      3.9052      3.4170      0.3661      0.2643       7      0.6102
  245      3.9052      3.4170      7.4442      0.2643       7      0.6102
  246      3.9052      4.3933      0.3661      0.2643       7      0.6102
  247      3.9052      4.3933      7.4442      0.2643       7      0.6102
  248      3.6611      7.2612      0.0000      0.1895       3      0.6010
  249      3.9052      7.2612      0.2441      0.1303       3      0.6010
  250      3.9052      7.2612      7.5662      0.1303       3      0.6010
  251      3.9052      7.4442      3.4170      0.2643       6      0.6102
  252      3.9052      7.4442      4.3933      0.2643       6      0.6102
  253      3.9052      7.5662      0.5492      0.1303       3      0.6010
  254      3.9052      7.5662      7.2612      0.1303       3      0.6010
  255      3.6611      0.0000      3.3560      0.1851       6      0.6010
  256      3.6611      0.0000      4.4543      0.1853       6      0.6010
  257      3.6611      3.3560      0.0000      0.1851       7      0.6010
  258      3.6611      4.4543      0.0000      0.1853       7      0.6010
  259      3.9052      0.4881      0.3661      0.0584       3      0.6102
  260      3.9052      0.4881      7.4442      0.0584       3      0.6102
  261      3.9052      0.5492      3.6611      0.1134       6      0.6010
  262      3.9052      3.3560      3.6611      0.1179       8      0.6010
  263      3.9052      3.6611      3.3560      0.1179       8      0.6010
  264      3.9052      3.6611      4.4543      0.1179       8      0.6010
  265      3.9052      3.6611      0.5492      0.1134       7      0.6010
  266      3.9052      3.6611      7.2612      0.1134       7      0.6010
  267      3.9052      4.4543      3.6611      0.1179       8      0.6010
  268      3.9052      7.2612      3.6611      0.1134       6      0.6010
  269      3.9052      7.4442      0.4881      0.0585       3      0.6102
  270      3.9052      7.4442      7.3222      0.0585       3      0.6102
  271      3.9052      0.0000      0.6102      0.1692       3      0.6102
  272      3.9052      0.6102      0.0000      0.1692       3      0.6102
  273      3.9052      3.9052      4.5153      0.1701       8      0.6102
  274      3.9052      4.5153      3.9052      0.1701       8      0.6102
  275      3.8441      0.0000      3.2950      0.0348       6      0.6132
  276      3.8441      0.0000      4.5153      0.0348       6      0.6132
  277      3.9052      0.0000      7.2001      0.1692       3      0.6102
  278      3.9052      0.6102      3.9052      0.1675       6      0.6102
  279      3.8441      3.2950      0.0000      0.0348       7      0.6132
  280      3.9052      3.2950      3.9052      0.1701       8      0.6102
  281      3.9052      3.9052      0.6102      0.1675       7      0.6102
  282      3.9052      3.9052      3.2950      0.1701       8      0.6102
  283      3.9052      3.9052      7.2001      0.1675       7      0.6102
  284      3.8441      4.5153      0.0000      0.0348       7      0.6132
  285      3.9052      7.2001      0.0000      0.1692       3      0.6102
  286      3.9052      7.2001      3.9052      0.1675       6      0.6102
  287      3.9662      4.5153      0.0000      0.1133       7      0.6132
  288      3.9662      0.0000      3.2950      0.1133       6      0.6132
  289      3.9662      0.0000      4.5153      0.1133       6      0.6132
  290      3.9662      3.2950      0.0000      0.1133       7      0.6132
  291      4.5153      7.7493      0.0000      0.0847       3      0.6132
  292      4.3323      0.0000      4.3323      0.5107       6      0.6040
  293      4.3323      4.3323      0.0000      0.5110       7      0.6040
  294      4.3933      0.0000      0.3661      0.4123       3      0.6102
  295      4.1492      0.0000      0.5492      0.1895       3      0.6010
  296      5.9188      0.0000      1.8916      7.2446      23      0.0368
  297      4.1492      0.0000      3.3560      0.1850       6      0.6010
  298      4.3323      0.0000      3.4780      0.5108       6      0.6040
  299      4.5153      0.0000      3.9662      0.1133       6      0.6132
  300      4.1492      0.0000      4.4543      0.1850       6      0.6010
  301      5.9188      0.0000      5.9188      7.2446      24      0.0368
  302      4.1492      0.0000      7.2612      0.1893       3      0.6010
  303      4.3933      0.0000      7.4442      0.4125       3      0.6102
  304      4.3933      0.3661      0.0000      0.4070       3      0.6102
  305      4.3933      0.3661      3.9052      0.2643       6      0.6102
  306      4.1492      0.5492      0.0000      0.1895       3      0.6010
  307      4.1492      0.5492      3.9052      0.1436       6      0.6010
  308      5.9188      1.8916      0.0000      7.2446      26      0.0368
  309      5.7967      2.0136      2.0136      5.1022      15      0.0360
  310      5.9798      1.7695      3.9052      6.3421      38      0.1448
  311      5.7967      2.0136      5.7967      5.1022      11      0.0360
  312      4.1492      3.3560      0.0000      0.1850       7      0.6010
  313      4.1492      3.3560      3.9052      0.1547       8      0.6010
  314      4.3323      3.4780      0.0000      0.5108       7      0.6040
  315      4.1492      3.9052      0.5492      0.1436       7      0.6010
  316      4.1492      3.9052      3.3560      0.1547       8      0.6010
  317      4.3323      3.4780      3.9052      0.3653       8      0.6040
  318      4.3323      3.9052      4.3323      0.3653       8      0.6040
  319      4.1492      3.9052      4.4543      0.1555       8      0.6010
  320      4.1492      3.9052      7.2612      0.1436       7      0.6010
  321      4.5153      3.9662      0.0000      0.1133       7      0.6132
  322      4.3933      3.9052      0.3661      0.2643       7      0.6102
  323      5.9798      3.9052      1.7695      6.3421      35      0.1448
  324      4.3323      3.9052      3.4780      0.3601       8      0.6040
  325      4.5153      3.9052      3.9052      0.1701       8      0.6102
  326      5.9798      3.9052      6.0408      3.5623      36      0.1448
  327      4.3933      3.9052      7.4442      0.2643       7      0.6102
  328      5.7967      5.7967      2.0136      5.1022      10      0.0360
  329      4.3323      4.3323      3.9052      0.3653       8      0.6040
  330      5.7967      5.7967      5.7967      5.1022      14      0.0360
  331      4.1492      4.4543      0.0000      0.1848       7      0.6010
  332      4.1492      4.4543      3.9052      0.1555       8      0.6010
  333      5.9188      5.9188      0.0000      7.2446      28      0.0368
  334      5.9798      6.0408      3.9052      3.5618      40      0.1448
  335      4.1492      7.2612      0.0000      0.1893       3      0.6010
  336      4.1492      7.2612      3.9052      0.1436       6      0.6010
  337      4.3933      7.4442      0.0000      0.4179       3      0.6102
  338      4.3933      7.4442      3.9052      0.2643       6      0.6102
  339      4.4543      0.0000      0.2441      0.1611       3      0.6010
  340      4.4543      0.0000      3.6611      0.1848       6      0.6010
  341      4.4543      0.0000      4.1492      0.1848       6      0.6010
  342      4.4543      0.0000      7.5662      0.1611       3      0.6010
  343      4.4543      0.2441      0.0000      0.1240       3      0.6010
  344      4.4543      0.2441      3.9052      0.1680       6      0.6010
  345      4.4543      3.6611      0.0000      0.1848       7      0.6010
  346      4.4543      3.6611      3.9052      0.1555       8      0.6010
  347      4.4543      3.9052      4.1492      0.1915       8      0.6010
  348      4.4543      3.9052      0.2441      0.1680       7      0.6010
  349      4.4543      3.9052      3.6611      0.1179       8      0.6010
  350      4.4543      3.9052      7.5662      0.1680       7      0.6010
  351      4.4543      4.1492      0.0000      0.1848       7      0.6010
  352      4.4543      4.1492      3.9052      0.1547       8      0.6010
  353      4.4543      7.5662      0.0000      0.1982       3      0.6010
  354      4.4543      7.5662      3.9052      0.1680       6      0.6010
  355      4.5153      0.0000      0.0610      0.0211       3      0.6132
  356      4.5153      0.0000      3.8441      0.0348       6      0.6132
  357      4.5153      0.0000      7.7493      0.0211       3      0.6132
  358      4.5153      0.0610      0.0000      0.0211       3      0.6132
  359      4.5153      3.8441      0.0000      0.0348       7      0.6132
  360      6.0408      3.9052      5.9798      2.7798      36      0.1448
  361      6.0408      5.9798      3.9052      2.7803      40      0.1448
  362      7.2001      0.0000      0.0000      0.1598       1      0.6102
  363      7.2612      0.0000      0.2441      0.1568       1      0.6010
  364      7.2612      0.0000      3.6611      0.1895       2      0.6010
  365      7.2001      0.0000      3.9052      0.1692       2      0.6102
  366      7.2612      0.0000      4.1492      0.1895       2      0.6010
  367      7.2612      0.0000      7.5662      0.1568       1      0.6010
  368      7.2612      0.2441      3.9052      0.1303       2      0.6010
  369      7.2612      0.2441      0.0000      0.1184       1      0.6010
  370      7.2612      3.6611      0.0000      0.1895       4      0.6010
  371      7.2001      3.9052      0.0000      0.1692       4      0.6102
  372      7.2612      3.9052      0.2441      0.1303       4      0.6010
  373      7.2612      3.6611      3.9052      0.1436       5      0.6010
  374      7.2612      3.9052      4.1492      0.1738       5      0.6010
  375      7.2612      3.9052      7.5662      0.1303       4      0.6010
  376      7.2612      3.9052      3.6611      0.1134       5      0.6010
  377      7.2001      3.9052      3.9052      0.1675       5      0.6102
  378      7.2612      4.1492      3.9052      0.1436       5      0.6010
  379      7.2612      4.1492      0.0000      0.1895       4      0.6010
  380      7.2612      7.5662      0.0000      0.1951       1      0.6010
  381      7.2612      7.5662      3.9052      0.1303       2      0.6010
  382      7.4442      3.4170      3.9052      0.2643       5      0.6102
  383      7.4442      3.9052      3.4170      0.2643       5      0.6102
  384      7.4442      3.9052      4.3933      0.2643       5      0.6102
  385      7.4442      4.3933      3.9052      0.2643       5      0.6102
  386      7.3222      0.3661      3.9052      0.1641       2      0.6102
  387      7.3222      3.9052      0.3661      0.1641       4      0.6102
  388      7.3222      3.9052      7.4442      0.1641       4      0.6102
  389      7.3222      7.4442      3.9052      0.1641       2      0.6102
  390      7.4442      0.0000      3.4170      0.4177       2      0.6102
  391      7.4442      0.0000      4.3933      0.4177       2      0.6102
  392      7.3832      0.0000      0.4271      0.3476       1      0.6040
  393      7.3832      0.0000      7.3832      0.3476       1      0.6040
  394      7.3832      0.4271      0.0000      0.3467       1      0.6040
  395      7.4442      3.4170      0.0000      0.4177       4      0.6102
  396      7.4442      4.3933      0.0000      0.4177       4      0.6102
  397      7.5662      3.3560      3.9052      0.1680       5      0.6010
  398      7.5662      3.9052      3.3560      0.1680       5      0.6010
  399      7.5662      3.9052      4.4543      0.1680       5      0.6010
  400      7.5662      4.4543      3.9052      0.1680       5      0.6010
  401      7.5662      0.0000      0.5492      0.1894       1      0.6010
  402      7.5662      0.0000      7.2612      0.1894       1      0.6010
  403      7.5662      0.5492      0.0000      0.1894       1      0.6010
  404      7.5662      7.2612      0.0000      0.1894       1      0.6010
  405      7.5662      0.0000      3.3560      0.1982       2      0.6010
  406      7.5662      0.0000      4.4543      0.1982       2      0.6010
  407      7.4442      0.4881      3.9052      0.0585       2      0.6102
  408      7.5662      3.3560      0.0000      0.1982       4      0.6010
  409      7.4442      3.9052      0.4881      0.0585       4      0.6102
  410      7.4442      3.9052      7.3222      0.0585       4      0.6102
  411      7.5662      4.4543      0.0000      0.1982       4      0.6010
  412      7.4442      7.3222      3.9052      0.0585       2      0.6102
  413      7.5662      0.5492      3.9052      0.1303       2      0.6010
  414      7.5662      3.9052      0.5492      0.1303       4      0.6010
  415      7.5662      3.9052      7.2612      0.1303       4      0.6010
  416      7.5662      7.2612      3.9052      0.1303       2      0.6010
  -------------------------------------------------------------------------
